26180604550157000141650020000012791000012798
26180604550157000141650020000012801000012802
26180604550157000141650020000012811000012818
26180604550157000141650020000012821000012823
26180604550157000141650020000012831000012839
26180604550157000141650020000012841000012844
26180604550157000141650020000012851000012850
26180604550157000141650020000012861000012865
26180604550157000141650020000012871000012870
26180604550157000141650020000012881000012886
26180604550157000141650020000012891000012891
26180604550157000141650020000012901000012906
26180604550157000141650010000012901000012900
26180604550157000141650020000012911000012911
26180604550157000141650010000012911000012915
26180604550157000141650020000012921000012927
26180604550157000141650010000012921000012920
26180604550157000141650020000012931000012932
26180604550157000141650010000012931000012936
26180604550157000141650020000012941000012948
26180604550157000141650010000012941000012941
26180604550157000141650020000012951000012953
26180604550157000141650010000012951000012957
26180604550157000141650020000012961000012969
26180604550157000141650010000012961000012962
26180604550157000141650020000012971000012974
26180604550157000141650010000012971000012978
26180604550157000141650020000012981000012980
26180604550157000141650010000012981000012983
26180604550157000141650020000012991000012995
26180604550157000141650010000012991000012999
26180604550157000141650020000013001000013005
26180604550157000141650010000013001000013009
26180604550157000141650020000013011000013010
26180604550157000141650010000013011000013014
26180604550157000141650020000013021000013026
26180604550157000141650010000013021000013020
26180604550157000141650020000013031000013031
26180604550157000141650010000013031000013035
26180604550157000141650020000013041000013047
26180604550157000141650010000013041000013040
26180604550157000141650020000013051000013052
26180604550157000141650010000013051000013056
26180604550157000141650020000013061000013068
26180604550157000141650010000013061000013061
26180604550157000141650020000013071000013073
26180604550157000141650010000013071000013077
26180604550157000141650020000013081000013089
26180604550157000141650010000013081000013082
26180604550157000141650020000013091000013094
26180604550157000141650010000013091000013098
26180604550157000141650020000013101000013109
26180604550157000141650010000013101000013102
26180604550157000141650020000013111000013114
26180604550157000141650010000013111000013118
26180604550157000141650020000013121000013120
26180604550157000141650010000013121000013123
26180604550157000141650020000013131000013135
26180604550157000141650010000013131000013139
26180604550157000141650020000013141000013140
26180604550157000141650010000013141000013144
26180604550157000141650020000013151000013156
26180604550157000141650010000013151000013150
26180604550157000141650020000013161000013161
26180604550157000141650010000013161000013165
26180604550157000141650020000013171000013177
26180604550157000141650010000013171000013170
26180604550157000141650020000013181000013182
26180604550157000141650010000013181000013186
26180604550157000141650020000013191000013198
26180604550157000141650010000013191000013191
26180604550157000141650020000013201000013202
26180604550157000141650010000013201000013206
26180604550157000141650020000013211000013218
26180604550157000141650010000013211000013211
26180604550157000141650020000013221000013223
26180604550157000141650010000013221000013227
26180604550157000141650020000013231000013239
26180604550157000141650010000013231000013232
26180604550157000141650020000013241000013244
26180604550157000141650010000013241000013248
26180604550157000141650020000013251000013250
26180604550157000141650010000013251000013253
26180604550157000141650020000013261000013265
26180604550157000141650010000013261000013269
26180604550157000141650020000013271000013270
26180604550157000141650010000013271000013274
26180604550157000141650020000013281000013286
26180604550157000141650010000013281000013280
26180604550157000141650020000013291000013291
26180604550157000141650010000013291000013295
26180604550157000141650020000013301000013306
26180604550157000141650010000013301000013300
26180604550157000141650020000013311000013311
26180604550157000141650010000013311000013315
26180604550157000141650020000013321000013327
26180604550157000141650010000013321000013320
26180604550157000141650020000013331000013332
26180604550157000141650010000013331000013336
26180604550157000141650020000013341000013348
26180604550157000141650010000013341000013341
26180604550157000141650020000013351000013353
26180604550157000141650010000013351000013357
26180604550157000141650020000013361000013369
26180604550157000141650010000013361000013362
26180604550157000141650020000013371000013374
26180604550157000141650010000013371000013378
26180604550157000141650020000013381000013380
26180604550157000141650010000013381000013383
26180604550157000141650020000013391000013395
26180604550157000141650010000013391000013399
26180604550157000141650020000013401000013400
26180604550157000141650010000013401000013403
26180604550157000141650020000013411000013415
26180604550157000141650010000013411000013419
26180604550157000141650020000013421000013420
26180604550157000141650010000013421000013424
26180604550157000141650020000013431000013436
26180604550157000141650010000013431000013430
26180604550157000141650020000013441000013441
26180604550157000141650010000013441000013445
26180604550157000141650020000013451000013457
26180604550157000141650010000013451000013450
26180604550157000141650020000013461000013462
26180604550157000141650010000013461000013466
26180604550157000141650020000013471000013478
26180604550157000141650010000013471000013471
26180604550157000141650020000013481000013483
26180604550157000141650010000013481000013487
26180604550157000141650020000013491000013499
26180604550157000141650010000013491000013492
26180604550157000141650020000013501000013503
26180604550157000141650010000013509000013502
26180604550157000141650020000013511000013519
26180604550157000141650010000013511000013512
26180604550157000141650020000013521000013524
26180604550157000141650010000013521000013528
26180604550157000141650020000013531000013530
26180604550157000141650010000013531000013533
26180604550157000141650020000013541000013545
26180604550157000141650010000013541000013549
26180604550157000141650020000013551000013550
26180604550157000141650010000013551000013554
26180604550157000141650020000013561000013566
26180604550157000141650010000013561000013560
26180604550157000141650020000013571000013571
26180604550157000141650010000013571000013575
26180604550157000141650020000013581000013587
26180604550157000141650010000013581000013580
26180604550157000141650020000013591000013592
26180604550157000141650010000013591000013596
26180604550157000141650020000013601000013607
26180604550157000141650010000013601000013600
26180604550157000141650020000013611000013612
26180604550157000141650010000013611000013616
26180604550157000141650020000013621000013628
26180604550157000141650010000013621000013621
26180604550157000141650020000013631000013633
26180604550157000141650010000013631000013637
26180604550157000141650020000013641000013649
26180604550157000141650010000013641000013642
26180604550157000141650020000013659000013650
26180604550157000141650010000013651000013658
26180604550157000141650020000013661000013660
26180604550157000141650010000013661000013663
26180604550157000141650020000013671000013675
26180604550157000141650010000013671000013679
26180604550157000141650020000013681000013680
26180604550157000141650010000013681000013684
26180604550157000141650020000013691000013696
26180604550157000141650020000013701000013700
26180604550157000141650010000013701000013704
26180604550157000141650020000013711000013716
26180604550157000141650010000013711000013710
26180604550157000141650020000013721000013721
26180604550157000141650010000013721000013725
26180604550157000141650020000013731000013737
26180604550157000141650010000013731000013730
26180604550157000141650020000013741000013742
26180604550157000141650010000013741000013746
26180604550157000141650020000013751000013758
26180604550157000141650010000013751000013751
26180604550157000141650020000013761000013763
26180604550157000141650010000013769000013762
26180604550157000141650020000013771000013779
26180604550157000141650010000013771000013772
26180604550157000141650020000013781000013784
26180604550157000141650010000013781000013788
26180604550157000141650020000013791000013790
26180604550157000141650010000013791000013793
26180604550157000141650020000013801000013804
26180604550157000141650010000013801000013808
26180604550157000141650020000013811000013810
26180604550157000141650010000013811000013813
26180604550157000141650020000013821000013825
26180604550157000141650010000013821000013829
26180604550157000141650020000013831000013830
26180604550157000141650010000013831000013834
26180604550157000141650020000013841000013846
26180604550157000141650010000013841000013840
26180604550157000141650020000013851000013851
26180604550157000141650010000013851000013855
26180604550157000141650020000013861000013867
26180604550157000141650010000013861000013860
26180604550157000141650020000013871000013872
26180604550157000141650010000013871000013876
26180604550157000141650020000013881000013888
26180604550157000141650010000013881000013881
26180604550157000141650020000013891000013893
26180604550157000141650010000013891000013897
26180604550157000141650020000013901000013908
26180604550157000141650010000013901000013901
26180604550157000141650020000013911000013913
26180604550157000141650010000013911000013917
26180604550157000141650020000013921000013929
26180604550157000141650010000013921000013922
26180604550157000141650020000013931000013934
26180604550157000141650010000013931000013938
26180604550157000141650020000013941000013940
26180604550157000141650010000013941000013943
26180604550157000141650020000013951000013955
26180604550157000141650010000013951000013959
26180604550157000141650020000013961000013960
26180604550157000141650010000013961000013964
26180604550157000141650020000013971000013976
26180604550157000141650010000013971000013970
26180604550157000141650020000013981000013981
26180604550157000141650010000013981000013985
26180604550157000141650020000013991000013997
26180604550157000141650010000013991000013990
26180604550157000141650020000014001000014007
26180604550157000141650010000014001000014000
26180604550157000141650020000014011000014012
26180604550157000141650010000014011000014016
26180604550157000141650020000014021000014028
26180604550157000141650010000014021000014021
26180604550157000141650020000014031000014033
26180604550157000141650010000014031000014037
26180604550157000141650020000014041000014049
26180604550157000141650010000014041000014042
26180604550157000141650020000014051000014054
26180604550157000141650010000014051000014058
26180604550157000141650020000014061000014060
26180604550157000141650010000014061000014063
26180604550157000141650020000014071000014075
26180604550157000141650010000014071000014079
26180604550157000141650020000014081000014080
26180604550157000141650010000014081000014084
26180604550157000141650020000014091000014096
26180604550157000141650010000014091000014090
26180604550157000141650020000014101000014100
26180604550157000141650010000014101000014104
26180604550157000141650020000014111000014116
26180604550157000141650010000014111000014110
26180604550157000141650020000014121000014121
26180604550157000141650010000014121000014125
26180604550157000141650020000014131000014137
26180604550157000141650010000014131000014130
26180604550157000141650020000014141000014142
26180604550157000141650010000014141000014146
26180604550157000141650020000014151000014158
26180604550157000141650010000014151000014151
26180604550157000141650020000014161000014163
26180604550157000141650010000014161000014167
26180604550157000141650020000014171000014179
26180604550157000141650010000014171000014172
26180604550157000141650020000014181000014184
26180604550157000141650010000014181000014188
26180604550157000141650020000014191000014190
26180604550157000141650010000014191000014193
26180604550157000141650020000014201000014204
26180604550157000141650010000014209000014203